4.65062
-0.0735105
-0.642354
-0.00813521
448.787
-0.461897
713824
299.023
-0.926668
-0.414734
1883.1
119.988
5.24314
-0.703766
-0.358848
-1.4408
-0.877992
17.0953
-0.797182
-0.538966
14.1297
136.373
17.0984
40.3707
-0.0445037
26.6575
1.71707
-0.520539
-0.0718003
401.454
1.30047
0.54523
395.933
-0.227584
-0.302948
10.4644
-0.389343
1.87283
903.462
260.047
-0.876773
-0.00755299
-0.496621
1.13813
903.466
-0.412481
8.90474
7.55611
-0.256084
-0.187663
-0.108854
-0.322447
-0.261557
-0.568439
-0.59274
2.5218
-0.750666
-0.647085
-0.261415
-0.440432
1.21526
-0.0703447
-0.0127931
-0.316931
-0.00796521
2031.94
-0.00647509
-0.186969
23.5611
-0.345346
410971
-0.0630117
-0.345299
-0.182916
0.544472
-0.450136
-0.0988674
1707.27
-0.548973
-0.663919
-0.892151
4.95121
-0.66981
-0.0698605
-0.263787
-0.798784
23.233
8.78805
-0.307209
-0.080346
316529
-0.357009
-0.0895573
0.653151
-0.559926
3.65621
808.638
-0.263471
372.256
-0.0226862
-0.300692
36.6253
-0.766225
-0.343812
-0.273065
-0.328554
-0.619518
10.019
-0.616711
-0.163375
-0.650641
1.11113
-0.536477
304.591
-0.259687
-0.527175
-0.282349
-1.19212
48.9365
655.493
682.026
-0.613382
-0.919169
-0.308038
6.21389
-0.0953272
633.928
-0.607796
-0.269115
-0.0587206
-0.902344
-0.527007
-0.228191
68.0216
-0.171334
-0.0939786
42.5182
-0.0992798
-0.744462
-0.347427
-0.0539438
-0.111664
-0.622585
1.37324
1.05263
95.3731
-0.302104
-0.00705733
-0.304152
873.216
-0.35883
-0.818677
-0.0947323
-0.461749
4.80107
4.61899
-0.8096
-0.26991
-0.581223
-0.0771569
24.1145
-0.724561
-0.0860727
-0.423914
-0.631225
-1.05982
21.7245
-0.111573
-0.077878
-1.05615
-0.167847
120.47
63.44
-0.305802
-0.318855
250.494
-0.22446
-0.291297
-0.0949185
4.45233
227.732
541.076
197.225
6.64948
-0.0434513
-0.112877
-0.10939
-0.085745
889.851
22.7477
-0.304192
-0.189867
-0.285285
-0.558806
-0.508664
-0.0198322
541.034
967.4
-0.736639
-0.361968
-0.766297
-0.189031
9.07171
-0.555771
187.761
43.3733
-0.64149
63.033
332.849
48.5746
-0.423808
-0.385104
46.8448
-0.0136586
-0.293846
-0.112501
182.259
-0.115045
-0.290169
-0.0867121
283.222
-0.0220099
544.927
-0.551383
59.8117
-0.57804
79.4553
178.556
-0.347766
-0.677682
7.0823
-0.666824
-0.386324
-0.38344
-0.0919654
-0.286652
-0.0229667
1.75755
-0.110147
140.514
-0.759596
-0.724126
-1.37703
4.50175
-0.439828
-0.514746
-0.184257
-0.408342
59.445
1.31439
2.18629
-0.619302
37.3523
-0.312325
155822
-0.557781
-0.922899
-0.0875769
-0.107562
-0.0237115
-0.403809
0.589956
-0.996198
98.0032
1.74245
64.3997
0.383277
41.0164
412.16
34.9711
836.908
-0.598489
-0.281383
-0.551071
-0.361581
-0.561979
-0.358234
8.4569
-0.0117944
-0.819606
112.038
-0.530375
-0.929674
-0.668103
45.4298
1.51569
-0.252057
-0.236931
96.5446
-0.391906
-0.109148
-0.280416
-0.282536
-0.0206767
-0.284113
-0.518864
-0.0565877
0.317945
-0.965875
-0.460332
-0.288956
-0.531503
23.3392
-0.531716
-0.321092
-0.467408
5.35285
-0.104679
0.472804
-0.823598
3.53576
-0.28137
-0.651286
-0.505568
5.28983
34.8241
-1.03446
-0.353453
-0.0948557
-0.61787
-0.987721
-0.275899
148.463
-0.780833
108832
0.00354555
0.281439
-0.277439
-0.892959
-0.614424
38.4773
-0.336978
-0.416719
-0.495
82.5429
-0.287926
-0.0904569
22.263
-0.0873281
-0.256677
-0.195686
-0.824778
205.263
-0.417345
-1.00438
-1.07667
-0.818949
-0.548128
49513.9
-0.29895
4.30508
46.813
-1.19726
1.29319
49513.9
-0.445353
0.138671
2.18503
8.16663
-1.16602
-0.143671
-0.351342
-0.812472
2.43824
-0.407403
-0.985871
17.9989
-0.332667
-0.247961
-0.260016
82.8059
-0.515995
-0.0504696
177.312
-0.819139
35.3443
-0.539837
-0.820969
-0.273262
-0.0576324
-0.442797
-0.518099
-0.569185
-0.108571
20.8211
3.61117
1.55988
5.02259
-1.61015
5.251
-0.0573136
-0.00961634
13.1173
-0.444889
-0.983879
-0.228555
-0.240531
-0.315798
181.194
-0.178471
-0.502866
-0.624289
-0.483216
-0.0267634
-0.277624
-0.774913
-0.468572
-0.489661
22.2307
69.1346
181.195
-0.436018
-0.0569372
-0.53695
-0.774315
-0.321058
14.5028
-0.445018
188.987
-0.102364
4.02826
-0.0139377
-0.51643
184.691
-0.331268
-0.0251126
-0.0567346
-0.0021706
1.47285
-0.437779
1.6303
-0.561984
31.9885
-0.0126432
36909.4
0.624798
-0.0142548
-0.0524227
-0.786876
9.7698
24.7565
-0.239345
-0.849914
-0.361472
-0.616287
-0.116901
-1.36117
-1.02545
226.937
-0.419153
-0.152498
1.27256
-0.169184
-0.178801
-0.314829
22.1519
85.9106
0.732131
0.46061
188.495
1.42602
212.406
-0.314407
60.9395
55.0573
97.41
208.638
1.02239
-0.486365
1.42241
346.747
15.8107
270.166
-0.790086
346.821
-0.507631
-1.61797
0.120117
-0.54051
-0.300331
0.309694
-0.296624
-0.257937
-0.577154
-0.052307
55.0946
-0.641566
63.6041
-0.651249
-0.0510328
-0.179929
-0.0626434
-0.616099
-0.0546706
0.368019
0.769385
59.3808
-1.0461
-0.64217
5.90617
-0.620651
-0.349263
-0.267869
-0.764685
7.96499
-0.0624633
-0.547039
-0.181848
0.437349
-0.0221014
-0.530832
-0.648193
-0.546432
-0.0995056
-0.174932
-0.414417
25.3133
-0.292466
-0.476425
-0.999585
-0.528461
-0.560202
-0.0613718
-0.592757
176.349
-0.85543
-0.054298
-0.384464
-0.0998087
-0.504241
-0.327112
-0.00434775
1.31624
0.779133
279.582
256.9
-0.242264
18477.8
-0.241933
5.02918
-0.669904
-0.840756
-0.18421
74.4541
-0.386095
12.2163
-0.0107754
-0.295369
-0.27569
-0.0224287
-0.219304
2.47967
57.9828
-0.114829
-0.646377
-1.00968
47.1631
-0.457923
0.578266
-0.554196
1.59189
-1.39004
5.45102
-0.50804
-0.0988739
-0.0531027
0.543679
3.2081
-0.592679
-0.167475
-0.741844
-0.562826
-0.491833
0.538505
-0.610409
4078.99
-0.0630421
-0.197588
-0.735811
-0.628707
-0.42963
-0.39618
-0.0245137
-0.257362
5.54085
-0.504106
-0.538819
45.3958
37.5939
23.591
5.38916
-0.00704692
-0.937726
-0.237395
-0.98305
227.873
-1.38616
-0.181568
45.9331
-0.644367
-0.338193
-0.338118
-0.726653
0.635086
-0.304001
-0.0507372
-0.226717
-0.176883
-0.367368
0.895797
-0.517288
-0.521587
-0.471139
221.28
-0.529275
-0.529325
-0.22215
-0.290802
91.2908
5.26933
24.5292
5.74745
-0.31506
-0.271352
-0.297799
-0.376391
-0.519564
-1.61437
-0.313898
-0.527985
-0.225407
0.928721
-0.168579
-0.325935
-0.84258
1.45148
-0.0905653
-0.617683
-0.330644
-0.00301609
-0.00715159
-0.334815
22.8371
0.664511
-1.95413
0.792534
-0.327173
-0.561332
-0.379728
-0.484765
6.08161
-0.623469
-0.487429
104.236
-0.330858
3.09158
1.54982
-0.0671418
-0.699916
0.637656
-0.317942
38.1828
-0.222784
-0.0891069
5.37627
-1.0523
43.4227
142.417
-0.548441
50.4799
7.14256
-0.162634
53.5062
87.5298
24.9201
0.299014
-0.539301
95.7515
0.0754571
-0.15821
-0.528448
3.53901
-0.435324
-1.06388
-0.458324
-0.325688
-0.617472
13.9166
-1.27073
-0.053279
0.5471
35.5864
-0.547217
-0.531124
-0.146706
1.54119
-0.474706
14.6673
29.797
-0.519824
0.14748
-0.0979936
-0.523635
5.61121
-0.18274
-0.125678
17.2837
0.402534
-0.965136
-0.236709
-0.117908
-0.492237
-0.510838
-0.240951
-0.232991
-0.158065
-0.263273
-0.456489
4.29127
14.8177
21.6962
4.4748
14.5137
0.319265
0.327948
-0.183231
-0.524048
-0.0113035
4.33861
-0.536
-0.840354
-0.17951
0.381531
-1.21144
0.370298
-1.09397
-0.092678
-0.0914836
119.605
-0.021952
-0.739472
1.96049
-0.0446316
-0.48596
-0.742017
24.2107
-0.0518756
-0.051865
1.50646
-0.0719308
15.4339
-0.015192
-0.200367
-0.235027
-0.493166
-0.231152
0.411367
-0.496531
-0.53208
-0.632683
12.0058
-0.619255
-1.09307
-0.498829
-0.0125214
14.6967
-0.0811576
0.334446
-0.0110338
6.03688
-0.0462887
-0.0658176
29.6374
69.8621
-0.183338
-0.708679
1127.89
1.02019
-0.247471
13.2477
6.042
30.2041
1.05534
83.4624
-0.302013
-0.185952
-0.498161
0.1631
-0.170713
0.729358
-0.699442
-0.573846
27.3803
-0.695592
-0.458725
1.29767
-0.844974
-0.0623807
103.322
-0.294441
2922.62
-0.250329
0.217833
-0.497333
5.40391
-0.832124
-0.122097
-0.122418
62.3026
13.6617
-0.0618342
-0.0972187
13.6112
-0.0793754
-0.758244
-0.539659
-0.065608
0.12547
-0.48946
-0.684066
0.622344
-0.257331
1.87679
20.2771
-0.79233
-0.641768
-0.549275
-0.489715
-0.51678
-0.552294
-0.106287
55.8605
8.66096
-0.253425
9.5531
-0.952737
-0.449666
29.5361
-0.543658
2922.5
1.12791
1.87317
-0.33604
-0.107922
-0.485764
0.0738633
-0.92944
0.859696
-0.844602
-0.19647
-0.481214
0.194569
-0.520449
0.282623
2640.03
-0.0899516
4.34548
0.315956
6.32372
0.16538
-0.70725
-0.706998
0.0675052
-0.106346
-0.288418
2296.09
471.644
-0.48271
-0.317261
-0.0481475
0.481625
-0.287298
10.6934
-0.325844
2.95108
-0.00574359
-0.710374
-0.504272
-0.245559
-0.302115
20.8185
-0.177044
-0.102709
-0.0487829
7.24955
-0.278021
-2.02504
-0.953516
-0.0560649
-0.164678
66.6291
1.52185
372.705
89.5929
-0.381744
-0.176357
-0.096505
-0.348657
0.234114
-0.532487
0.533145
-0.424548
-0.0937094
3.21259
5.96662
18.136
7.1376
-0.413007
22.1466
-0.394479
-0.087183
-1.98825
-0.345704
-0.482272
-0.0873183
-0.187289
2.1174
-0.184767
-0.12344
20.0975
-0.562913
0.227107
-0.171017
-0.0237416
17.7972
-0.527045
2.77632
13.9225
-0.260934
-0.838409
59.9489
-0.743675
-0.824621
-0.400848
-0.282649
0.0286065
302.983
-0.771269
-0.39583
-0.531735
17.927
-0.525683
-0.704214
-1.27975
-0.0925818
-0.198375
2.71136
-0.704847
-0.300483
16.1232
-0.00568532
0.393785
0.519445
-0.0579678
0.847026
-0.769159
-0.770059
-0.507042
-0.100078
-0.387908
-0.486267
-0.254789
0.393067
-0.0245104
-1.97179
-0.0841979
-0.168628
28.7605
-0.015788
-0.800297
-0.109235
-0.234215
-0.727781
24.8664
-0.496528
-0.539162
1289.04
4.62768
-0.957011
245.252
-0.276381
-0.36246
6.38608
-0.0103472
2.49934
-0.0150303
-0.519834
17.423
-0.34266
-0.349758
9.52054
3.92643
-0.228199
18.5095
-0.423757
-0.948796
-1.97624
7.95093
5.30011
-0.956729
8.22718
-0.746195
2.02557
3.9579
-0.0501863
9.51035
8.01384
-0.00377895
-0.307199
-0.357897
-0.220588
-0.0150287
-0.126539
-0.108473
0.528077
-0.461327
1.36185
-0.745686
-0.71761
-1.37808
24.5362
-0.196939
-0.936044
-0.331303
-0.876697
-0.00987952
-1.26334
27.2285
-0.199662
3.63258
-0.513667
-0.217278
-0.237405
-0.0763492
6.36902
-0.253293
12.1452
-0.479874
-0.183328
-0.329264
0.979295
-0.369651
27.2318
-0.235938
210.304
-0.201817
-0.498165
-0.563384
1084.64
66.9741
-0.0131565
-1.68303
5.32642
-0.215778
4.94874
34.5756
0.204112
-0.0943784
-0.607047
4.35196
3.76285
6.07805
-0.233322
-0.3138
-1.67203
-1.67835
1.47921
-0.0968027
-0.0241089
-0.32764
1.34676
-0.0829795
-0.955638
-1.10232
2.83359
-0.866958
-0.217848
-0.163211
1.36873
1.18856
7.51778
48.6883
-0.0468087
0.221481
-0.299789
-0.061784
-0.357342
3.09833
3.43905
-0.758574
6.02463
-0.607086
-0.296613
0.00190959
22.303
-0.874661
-0.544404
-0.75298
-0.00874631
-0.209758
4.71886
-0.0822297
-0.405844
0.903308
-0.1744
1.12777
-0.40555
-0.298029
-0.764789
0.950885
1.62173
-0.510467
-0.3253
-0.0140751
-0.307004
7.79569
-0.18457
4.45049
43.6149
-0.0249676
28.5636
-0.435061
-0.407908
16.9227
-0.911887
5.28959
-0.343239
0.61685
3.96124
4.1704
-0.209372
6.43955
-0.0874757
-0.164374
5.0852
-0.295831
-1.37864
-0.402425
-0.22638
-0.365161
-0.905276
-0.529634
-0.0884981
-0.723035
5.3042
-0.643262
-1.38802
1.66258
-0.437643
9.41913
-0.102778
-0.54899
-0.0255641
15.8799
-0.190924
1.21715
0.375417
3.0592
2.76771
-0.359185
-0.228592
-0.685933
-0.57506
11.1571
8.63584
-0.16522
-0.344749
-0.380005
-0.139533
-0.144854
-0.0154573
4.98899
-0.803449
-0.63803
-1.23784
3.6612
-0.358662
-0.0915618
-0.149701
-0.349154
-0.0994377
-0.14973
1.92619
16.584
-0.329695
1.13028
7.48958
-0.487881
-0.357568
-0.617784
-0.957748
-0.578402
-0.855099
-0.197891
-0.19643
0.765547
0.68792
2.00097
-1.1149
-0.487161
-0.226274
-0.198588
-0.203316
0.148638
-0.196022
-0.237081
-0.486759
0.941112
-0.349474
0.18847
1.66135
0.358487
-0.326546
0.724598
-0.415543
-0.120374
-0.103625
-0.10211
-0.242213
0.816187
2.53743
-0.959116
0.89486
-0.0133805
-0.618997
13.1575
2.60305
9.81189
-0.224587
-0.712608
-0.832508
-0.547882
-0.199415
-1.06012
-0.101773
-1.0984
-0.092383
-0.0650473
-0.290686
0.45541
2.87343
0.213289
-0.344281
-0.0249405
3.97381
16.7921
5.83047
-0.35831
1.01623
-0.159773
-0.461811
-0.995983
-0.0210981
-0.0556698
-0.360243
-0.105462
-0.346092
75.2512
-0.346826
5.55012
16.4595
-0.224919
-0.361358
0.987656
-0.355846
-0.383559
-1.04253
-0.467014
5.80399
5.11449
-0.417483
-0.0725735
-0.305034
-0.167164
6.92081
-1.17931
-0.00980976
14.1999
4.35709
-1.36703
0.946653
-0.214553
1.02459
-0.362789
-0.185765
-0.24169
-0.423921
2.16008
38.9768
-0.139661
-0.203354
-0.329973
-0.0452136
-0.681537
-0.936789
-0.075867
2.47878
-0.796619
-0.109663
9.76664
1.02511
-1.03678
1.30639
0.811626
1.38114
5.15443
14.3039
-0.625804
-0.202498
13.4168
-0.422962
-0.0977258
-0.0162653
4.15183
322.342
-0.5544
5.55063
-0.459894
-0.960201
-0.578261
5.5527
5.66584
1.21647
-0.0481903
-0.484384
-0.0518414
-0.362375
-0.523721
0.519392
-0.235233
0.0531711
-0.591763
-0.635828
0.14186
-0.556025
-0.737033
1.12916
-0.0980956
-1.28868
-0.31293
-0.307165
14.2233
-1.31526
-0.00644735
-0.773708
-0.828679
-0.0419897
2.26425
8.69901
-0.0670226
41.1786
-0.479989
-0.78212
-0.645603
-0.171544
-0.0675726
-0.229314
-0.613012
1.2319
-0.575491
-1.36864
0.728663
-0.618483
0.40333
-0.0152307
-0.521738
-0.504556
-0.51585
-0.065314
-0.434097
-0.775696
7.3582
6.80037
-0.506366
1.79119
-1.02487
-0.0241502
0.994524
-0.465736
-0.138746
-0.185034
-0.0954673
-0.0916501
-0.852093
-0.351626
1.90148
-0.0348324
8.89954
-0.848635
-0.0492429
-0.0155075
-0.294334
1.95381
-0.203629
-1.04135
-1.26725
-0.790049
41.7269
-0.201319
-0.552418
6.14141
0.307282
-0.0498315
0.0283702
-1.6084
-0.551247
2.18496
-0.0938811
-0.195527
2.39763
-0.0725562
-0.0153899
-1.03773
-0.614695
-0.18431
-1.0304
4.30812
-0.300817
0.718878
-0.00590028
-0.0959944
4.042
1.10971
-0.907239
-0.0732967
-0.510714
-0.219963
-0.0430415
6.34533
-0.498667
-0.0416165
1.61777
25.0561
-0.59573
-0.773285
-0.429756
-0.049624
-0.0518648
-0.351354
-0.00576957
8.67063
-0.842867
-0.0056943
-0.389789
5.03551
2.11649
-0.810334
-0.0960946
2.76086
-0.549579
3.32564
-0.446406
-0.424435
-0.833419
0.856353
0.466177
154.885
2.55124
-0.195722
-0.444684
0.994083
-0.692578
-0.205306
-0.00593766
-0.18712
-0.0228628
-0.657748
-0.1847
-0.596832
-0.803921
-0.659123
-0.126878
-1.25486
-0.0968074
-0.382176
-0.634755
-0.49024
3.53996
-1.07336
159.662
-0.141276
-0.0674477
-0.857744
2.29486
-0.261726
-0.194171
-0.429598
-0.675129
-0.0431025
-0.471444
-0.539384
-0.707753
-0.429462
23.9545
-0.30929
-0.636725
-0.699626
-0.0833578
-0.0396092
1.01757
0.572256
-0.090427
-0.0886923
-0.0508146
-0.201426
-0.240137
-0.871536
-0.956577
-0.332457
-0.181389
3.49223
-0.0683053
-0.458069
1.80648
-0.652298
0.657801
-0.00668194
-0.142798
-0.628816
-0.0394491
-0.0664692
-0.48439
-0.629937
0.105417
1.03948
0.247823
-0.423023
0.228196
-0.0505124
-0.221303
-0.243514
0.0692692
-0.4556
-0.197947
-1.30771
0.116022
-1.04029
-0.841048
-0.5504
-0.241166
-0.0498929
-0.815372
-0.799281
-0.514326
-0.679942
0.710184
-0.846561
-0.657036
-0.515365
-0.338721
33.8592
-1.06535
2.78842
8.3293
-0.488944
-0.136301
0.0503544
7.53619
-0.433297
-0.548055
-0.451129
-0.216667
-0.862654
-0.532727
2.15116
-0.0478788
-0.371658
-0.233636
-0.855316
1.80854
1.76605
-0.0861
-0.453285
-0.595864
-0.0431587
-0.847074
-0.0673312
1.82661
-1.00993
-0.224279
-0.245029
-1.00596
-0.0220023
-0.230123
-0.248525
-0.54957
7.09881
-0.541308
-0.435154
-0.430565
-0.200326
-0.515277
-0.468344
7.61885
-0.658467
-0.564247
3.59471
-0.0868889
-0.137845
-0.200808
-0.818685
-0.93722
-0.181602
27.7361
-0.9207
66.45
-0.240567
-0.739214
-0.437815
-0.377181
1.36961
-1.06029
-1.39802
-0.500159
-0.673305
-0.96513
-0.189869
4.41421
-0.138733
-0.0869183
-0.948435
-0.0236615
-0.619021
0.605282
3.23705
0.460316
6.15187
-0.33136
-0.430889
0.783587
-0.107797
-0.407731
-0.0900009
-0.490134
-0.572336
-0.247184
-0.0909721
-0.811335
-0.482995
0.702934
-0.49673
-0.469655
2.44181
-1.40442
-0.229904
-0.70095
-0.684768
7.29903
5.36436
-0.551174
-0.972562
-0.0825708
2.02062
-0.197775
-0.0837206
-0.308204
-0.643749
-0.470712
-0.189189
-0.727619
-0.466246
-0.666175
-0.18861
-0.560418
-0.707387
-1.34449
1.32127
-0.0400321
-1.05514
-0.00772776
-0.415907
-0.562693
-0.176738
-0.396485
1.54781
-0.00775134
-0.537478
18.8488
1.25033
-0.135083
-0.817172
-0.426496
-0.40599
1.7331
4.32814
-0.464636
-0.676042
-0.461605
-0.478398
0.0133543
-0.153867
-0.197863
-0.332143
-0.51124
-0.595286
-0.683931
-0.227595
-0.232562
1.78165
1.73226
0.325076
-0.676635
1.6083
-0.472091
-0.397687
-0.394116
-0.40409
-1.40707
-0.224561
-0.460923
-0.328439
0.251903
-0.820908
-0.00663993
-0.460828
0.570503
-0.474
-0.369113
1.89842
-0.259049
0.542974
4.74166
-0.52142
-0.321763
-0.89278
-0.587543
-0.0106872
1.69485
-0.42748
0.126637
1.91702
40.9436
-0.611299
0.508945
-0.199043
-0.0848165
-0.836618
-0.587137
-0.105
6.35139
-1.24566
-0.461471
-0.523406
-0.190395
-0.576297
-0.42398
0.12673
-0.460321
-0.494138
-0.0886905
-0.0700866
-0.225823
-0.188651
-0.814145
-0.858295
-0.669456
-0.147223
-0.3522
2.49783
-0.0869311
-0.183731
-0.99969
-0.528673
-0.117766
7.30662
-0.969056
3.77536
-0.891861
-0.483411
-0.822442
-0.386184
15.9101
6.14257
0.880355
1.91154
-0.643518
5.16811
-0.191809
-0.187913
1.456
-0.57623
0.538733
-0.597248
-0.364279
0.363791
-0.612217
-0.224143
-0.557038
-0.5431
-0.466215
-0.538403
-0.555076
-0.331282
-0.223706
-1.0903
3.72518
-0.606267
1.29697
0.820989
-0.499134
-0.455187
0.751069
-0.169341
-0.280922
-0.546455
-0.316661
-0.795311
-0.213042
-0.381836
-0.848318
-0.430904
-0.776551
-0.468099
-1.13879
11.3095
-0.66621
-0.493622
-0.329971
-0.136716
-0.610066
-0.905511
-0.492495
-0.476419
-0.00522642
9.89735
1.70408
-0.450504
-0.757324
4.76571
2.73504
-0.522059
2.5354
-0.335959
-0.395786
-0.274291
-0.0160126
-0.273136
-0.0301478
-0.56106
3.60096
-0.211631
-0.629236
0.814569
-0.905973
4.79684
3.72306
-0.215285
-0.6344
-1.13143
1.37692
-0.0294976
0.987527
-0.193642
-0.228571
-0.721811
-0.0699166
-0.474937
3.01643
0.785034
-1.39125
-0.209882
3.18163
-0.812943
-0.00845124
-0.0136517
0.600225
-0.817054
-0.619599
-0.104747
-0.441436
4.84942
-1.38676
-0.458607
-0.00703685
0.272047
0.982197
2.21909
-0.458228
1.16577
-1.4029
-1.05208
-0.732556
-0.853974
0.909225
-0.433556
0.0606789
0.163077
2.29082
-0.0436421
-0.188194
-0.347576
-0.0298307
-1.463
-0.219173
-0.396556
-1.67983
-0.210647
-0.167238
4.73967
1.12673
-0.00501049
-0.285732
-0.0718509
-0.0452181
1.06383
-0.177959
2.92109
-0.500127
-0.198562
-0.0285096
-0.993082
-0.0474289
-0.16125
-0.541231
-0.553452
-0.0384529
1.84161
-0.632602
-0.45548
-0.32252
-1.11806
-0.0287114
1.05383
-0.786972
-1.21931
1.11574
-0.0444953
-0.446883
-0.2145
3.13744
-0.225093
-0.416078
-0.227689
4.69124
-0.398618
-0.227304
-0.456782
-0.261581
0.0660877
2.28527
0.427699
1.78726
-0.302625
-0.0244526
-0.222662
-0.350318
-0.328335
-0.795284
0.71821
-0.286701
-0.158273
2.62426
-0.368332
-0.0554928
-0.501988
4.11916
0.756655
-0.550349
-0.675645
-0.607594
1.83875
-0.207276
2.73881
-0.449192
3.53057
-0.432702
1.30789
-0.42796
-0.819184
-0.923348
-0.0742088
0.216671
-0.0188989
1.35751
-0.48243
-1.33845
1.78675
-1.08599
-0.739574
17.8741
-0.256126
-0.468669
-0.046077
-0.157699
-0.0198376
0.0906223
-0.400536
-0.778334
-0.643214
-0.158628
-0.965135
-0.216251
-1.0898
-0.206101
-0.39129
-0.00664249
-0.704891
-0.227536
-0.0158598
3.95851
-0.380477
-0.0872514
-0.139801
-0.335273
-0.96628
-0.428028
-0.00904254
-0.0807715
-0.732706
-0.320241
-0.429011
-0.884299
-0.562226
-0.542837
-0.481236
-0.718341
2.09624
-0.379957
-0.132087
-0.193355
-0.0301797
-0.325814
-0.326723
-0.468604
-0.217173
-0.215128
-0.0428211
-0.878297
-0.0929688
-0.643144
-0.535414
1.76787
-0.815258
2.49266
-0.423127
-0.1594
-0.701285
-0.418692
1.48926
0.511737
-0.412044
-0.327613
2.67999
-0.240745
0.319166
-0.382685
-0.0958173
-0.890445
-0.384366
0.540717
-0.34057
0.662094
1.10654
-0.478224
-0.00474903
-0.229225
0.772122
-0.378738
-1.29301
2.01834
-0.203064
-0.166906
-0.736392
-0.549467
-0.276964
0.997285
-0.699639
-0.232715
-0.0305253
-0.325395
-0.0819855
-0.181572
-0.0816771
-0.574622
-0.040062
-0.22263
-0.0189461
-0.270645
-0.0804605
-0.158194
-0.476999
-1.52505
-0.218187
0.549631
-1.21418
3.03549
-0.579137
-1.01406
-0.0829054
-0.223691
1.75552
0.317082
0.238501
0.173454
1.17687
0.161838
-0.415594
-0.0403516
-0.881581
-0.307756
-0.422768
-0.0639794
-0.223273
1.46714
-0.10351
0.036411
-1.35726
1.0152
-0.0188786
-0.797601
-0.893816
-0.0166914
-0.107346
-0.109076
-0.215533
-0.704936
-0.383457
-0.761318
-0.0722896
-0.633062
-0.305629
-0.431897
-0.385847
-0.435324
7.52634
8.46732
-0.221125
-1.04041
-0.265702
-0.72781
-0.207577
-0.280485
-0.969786
-0.80111
-0.871901
0.951823
-0.477459
-0.750303
0.51969
0.0063078
-0.402939
-1.2366
-0.495357
-0.508521
-0.283295
-0.907714
2.20221
-0.921897
-0.0450604
-0.74864
-0.422636
8.20744
0.490473
1.24835
0.621297
-0.318793
-1.01127
-0.055745
-0.0886478
-0.0564343
-1.21009
-0.410516
-0.0960281
0.664134
-0.0193766
-0.700121
-0.362206
0.474871
-0.619298
-0.51626
8.21412
-0.33752
-0.0909163
-0.376603
-0.526534
-0.830525
-0.383778
-0.639656
0.327353
-0.712202
-0.0262231
-0.74962
-0.0204756
-0.491708
-0.892394
1.8916
0.438504
1.96238
-0.271444
-0.00461017
1.82736
0.57123
2.00559
-1.28787
6.9677
-0.528884
-0.242517
-0.209408
-0.730404
-1.04038
-1.51923
-0.355502
-0.169938
-0.33832
1.07096
-0.306627
0.460607
-0.152045
-0.922519
-0.0860607
-0.698844
0.460737
11.8703
-0.00816576
-0.38285
-0.159281
-0.0363733
-0.69875
-1.01527
-0.293423
-1.40733
-0.481545
-0.216406
-0.398096
-0.0822815
-0.218789
-0.498299
-0.270696
-1.77317
9.91179
-0.213209
-0.515476
-0.533584
-0.00465247
-0.3925
-0.390631
-0.427495
-0.215972
-0.0802833
-0.9739
-1.77125
-0.658223
-0.411344
-0.432627
-0.453457
7.832
-0.847705
-0.615705
-1.76465
-0.53269
-0.644377
7.08178
-0.314285
-0.0760622
-0.704338
-0.0042237
8.18944
-0.682833
-0.203646
0.374021
-0.204383
0.221906
-0.985956
-0.259156
-0.0796477
-0.364491
2.81591
0.310544
-0.10292
-0.0788816
-0.416625
-0.542961
-0.0360241
-0.51022
-0.00741819
-0.0726032
-0.698469
0.102354
-0.12378
-0.612934
-0.514937
-0.394856
-0.0822325
-0.541014
-0.577805
0.478142
-0.465262
-0.0196929
0.112007
-0.584216
-0.534124
-1.39986
-0.463679
-0.206531
-0.7157
-0.462302
-0.499282
-0.596377
-0.106923
-0.105865
-0.158281
-0.253886
-0.487484
1.22841
-0.308112
-0.692203
-0.934267
0.977955
-0.980551
1.68528
-0.543376
-0.213724
-1.17238
-0.0217208
-0.28359
-0.212861
-0.0739767
-0.205933
-0.329041
0.788079
-0.0219147
-0.361408
-0.398663
-0.109804
-0.341113
-0.916879
-0.0352701
-0.499046
0.0217396
-0.456257
-0.0210129
-0.00654703
-0.617511
-0.604304
0.125602
-0.591123
-0.0800744
-0.775903
3.06104
-0.894435
-0.212201
-0.202166
0.335352
-0.0806341
-0.342821
-0.445863
-0.516779
-0.221134
-0.889035
-0.00566936
-0.310044
-0.380023
0.0750056
-0.541152
0.401632
-0.790255
-0.591145
-0.0797669
-0.806397
-0.407142
-0.689387
-0.0451497
-0.53057
-0.544179
-0.0112191
-0.730213
-0.73015
-0.0759406
-0.451176
-0.246669
-0.353531
1.01165
-0.523219
7.5839
0.299578
-0.450522
0.0483111
-0.685404
-0.307751
-0.623467
-0.447737
0.204183
-0.487065
-0.503282
-0.324235
-1.78081
0.442327
0.206451
-0.954597
-0.481483
-0.514572
-0.722685
0.688796
-0.490804
-0.842796
0.215793
-0.0758364
-0.221131
0.00215055
-0.0854204
0.734903
-0.571129
-0.214017
-0.866971
-0.30783
0.0366555
-0.161979
-1.32309
-0.414498
-0.665838
-0.0200016
-0.199037
-0.0102116
2.10981
-0.026074
0.366636
-0.304456
-0.455585
-0.826022
-0.845549
-0.601997
-0.725981
-0.724222
-0.52341
-0.70959
-0.305546
-0.498898
-0.306249
-1.1359
0.0695389
-0.49684
-0.250602
0.358848
-0.176294
-0.0247272
-1.27533
-0.52165
-0.0540222
-0.367859
0.0928601
-0.477483
1.02779
0.491924
-0.140731
-0.708793
-0.495756
-0.293581
-0.187851
-1.26756
0.0229633
-0.275342
-0.973513
-0.0121758
-0.50685
-0.971967
-0.933457
-0.446783
-0.213644
-0.385991
-0.0245725
6.82195
-0.431986
-0.757769
-1.75554
-0.0306659
-0.0305485
-0.246691
-0.419289
-0.809162
-0.723913
-1.62536
-0.891352
-0.445354
-0.832165
-0.0318273
-1.32978
-0.778522
-0.211552
-0.75477
-0.213332
0.0217379
-0.0249033
2.35046
-0.235484
-0.461896
-0.210029
-0.866899
-0.865168
-0.231163
-0.493049
-0.312913
-0.138716
-0.610663
0.831957
-1.01792
-0.606807
-0.895739
-0.0814586
0.290916
-1.52659
-0.384729
-0.674952
-0.178469
-0.494941
-0.43903
0.131654
-0.0756842
-0.082147
-0.432864
-0.549626
-0.248712
-0.332007
-0.0723175
-0.431593
-0.507536
-0.720878
-0.592658
-0.357705
-0.199444
-0.48317
-0.206678
-0.0196341
-0.513354
-0.550474
-0.688486
-0.603246
-0.307842
-0.833643
-0.19877
-0.197007
-0.0512874
-0.209187
-0.256026
-0.521397
-0.860764
-0.859994
-0.451284
-0.0214598
-0.593679
-0.0909747
-0.0745823
-0.21518
-0.539124
-0.443857
-0.55463
-0.0829736
-0.69929
-0.113937
-0.606041
-0.0432345
-0.254118
-0.473636
-0.546694
-0.486838
-0.607311
-0.60653
-0.595868
-0.535158
-0.514816
-0.115349
-0.324161
-0.465849
-0.225137
-0.992117
-0.454588
-0.523736
-0.1563
-0.321512
-0.083816
0.92952
-0.216035
-1.04787
-0.51415
-0.0756679
-0.494391
-0.69911
-0.203104
-0.818631
0.101936
-0.952277
-1.07764
-0.194352
-0.0107242
-1.30092
1.17259
-0.0254655
-0.447863
-0.159125
-0.47346
-0.370675
-1.31729
-0.560906
-0.207386
-0.105179
-0.540595
-0.476177
-0.608258
-0.506608
-0.0926853
1.03969
0.19023
-0.0506558
-0.601923
-0.146881
-0.728662
-0.203388
-0.615546
-0.390217
-1.34619
-1.69718
-0.474021
-0.279249
-0.614134
-0.358012
-0.219005
-0.738827
-0.984287
-0.075766
-0.744637
-0.209115
-0.296084
-0.97514
-0.552064
-0.583213
-0.333428
-0.020977
-0.780427
-0.44655
-0.239684
-0.529447
-0.349791
-0.908454
-1.16027
0.0807117
-0.0701642
-0.438632
-0.889811
-0.514165
-1.0928
-1.05325
-0.152124
-0.482122
-0.333129
-0.516013
-0.342309
-0.505487
-0.536291
-0.0400992
-0.21253
-0.927316
0.609252
-0.306276
-0.25344
6.02595
-1.15478
-0.214479
-0.786133
-0.0852365
-0.740144
1.82955
-0.357264
-1.7345
-0.45637
-0.623091
0.401267
0.129133
-0.900774
-0.563946
-0.368894
0.151055
-0.356284
-0.18547
-0.300392
-0.849323
-0.51041
-0.621539
-0.214522
-0.0252561
-0.76312
-0.782393
-0.442985
-0.0474216
-0.455642
0.198131
-0.212812
0.58402
-1.0739
-0.215973
-0.554275
-1.33631
-0.374479
-0.730415
-1.06323
-0.00970157
-0.607917
-0.071997
-0.872393
-1.1548
3.64924
-0.29501
-0.918099
5.74534
-0.556266
-0.425939
-1.00304
-0.405867
0.453825
-0.0905298
-1.01246
-0.433953
0.0952584
0.665505
-0.15512
-0.221422
-0.43379
-1.10748
2.73417
0.363108
0.134058
-0.0694019
-0.870446
-0.620161
-0.277205
-0.15606
4.62339
-0.789839
-0.152118
-0.246729
0.094904
0.553516
0.0423166
-0.606528
-0.144506
-0.315453
-0.149925
-0.450482
-0.376394
-0.649786
-1.18719
-0.45114
0.143186
-0.5555
-0.244188
-0.953188
-0.836208
-0.213976
-1.00635
-0.379245
-0.181358
-0.508066
-1.32645
-0.184005
-1.04424
-0.644304
-0.475518
-0.0639341
5.62215
-0.108531
-0.243287
-0.367978
-0.0941299
0.0694939
-0.995218
-0.454681
-0.635529
-0.235881
-0.434504
-1.29297
-0.533667
-0.132191
-1.00998
-0.237769
-0.108481
-0.125472
-0.612731
-0.621644
-0.719215
1.5425
-0.116396
-0.613548
-0.774648
-0.442952
-0.429467
-0.154616
-1.77113
-0.85354
1.55109
-0.59576
0.712635
-0.43844
-0.0304577
-0.933349
-0.904017
-0.220108
-0.232441
-0.815773
-0.3171
0.149403
-1.76359
-1.26496
-0.025191
-1.11653
-0.152712
-0.991282
-0.617377
-0.0262626
-0.502601
-0.289538
-0.205577
0.0461324
-0.767118
-0.655915
-0.218641
-0.231508
-0.259972
-0.455246
0.348878
-0.613595
4.13609
-0.24688
-0.211535
-0.734461
1.1494
-0.386201
-0.949149
0.140102
-0.0452693
-0.51494
-0.657822
-0.471928
-0.466419
-0.474267
-0.116296
-0.215007
-0.280985
-0.730061
-0.433005
2.03136
-0.516446
-1.02479
-0.708639
-0.22366
-0.0213904
-0.413061
-0.206195
-0.422976
-0.58427
-0.0442644
-0.527717
-0.210314
-0.333398
-0.525346
-0.228995
-0.469356
-0.627251
-0.235062
-0.362866
-0.556909
-0.190552
-0.228227
-0.00563847
-0.247161
-0.93463
-0.524272
-0.825924
-0.462103
-0.149696
0.480787
-0.353554
-0.336097
-0.0950689
-0.0756501
-0.229419
-0.0283182
-0.664177
-0.346951
-1.69868
-0.476476
1.45188
-0.378111
-0.241789
-0.0716925
-0.280569
-1.02684
-0.229243
-0.380703
-0.0720614
-1.12586
-0.237078
-0.00891917
-0.0220972
-0.597791
-0.533607
-0.595919
1.73388
-0.214594
-0.921127
1.54806
-0.0743236
-0.849391
-0.779697
-0.832775
-0.462938
-0.218554
-0.571192
-0.76999
-0.216854
-0.475765
-0.282541
-1.06533
-0.0257359
-0.3855
-0.329876
-0.36943
-0.610953
0.551942
-1.07885
-0.780044
-1.02286
-0.503916
-1.04165
-1.29936
0.253904
-0.494603
-0.772081
-0.459116
-0.766513
-0.132162
4.04172
-0.210149
-0.32279
-0.00907179
-0.0746226
-1.315
-0.496124
5.18053
-0.412155
4.01928
-0.576615
-0.98161
-0.565951
-0.0657635
-0.211053
-0.36712
-0.84955
-0.00880245
-0.514861
-0.597705
0.213283
-0.0456297
-0.528103
-0.22074
-0.0943687
0.120687
-0.00907002
-0.454578
-0.50672
-0.208071
-1.05013
2.47489
-0.90706
-0.136554
-0.156702
-0.58166
-0.854717
-0.0743269
-1.02934
-0.324332
0.755793
-0.00830972
-0.279366
-0.487197
-1.39873
-0.69773
-0.865666
-1.52698
-0.239594
-0.463168
-0.471957
0.413874
-0.217072
-0.761476
-1.36966
-0.450924
-1.29154
-0.369885
-0.235321
-0.499256
-0.0881372
-0.61474
-0.0578787
-0.198136
-0.462544
-0.756643
0.655968
-0.62599
1.13169
-0.0267272
-0.568397
-0.0772868
0.060745
-0.338486
1.83959
-0.0213845
0.573048
0.660031
-1.09539
-0.354559
-0.423551
-0.284386
-0.00974181
-0.824958
-0.829699
-0.00614879
-0.483138
-0.975029
-0.257096
-0.583095
-0.421432
-0.727181
1.10872
-0.422915
-0.336042
-1.00553
1.06663
-0.237691
-0.47538
-0.129228
-0.948973
-0.475425
-0.0739696
-0.220146
-0.428409
-0.524758
-0.455512
-0.310265
-1.43218
3.93703
-0.913631
-1.03346
-0.479929
-0.0257493
-0.546209
-0.0229136
0.155438
-0.540823
-0.304551
-0.170065
-0.437689
-0.212495
-0.0107555
1.17319
-0.089831
-0.424464
-0.565848
-0.470639
-0.0901951
3.07455
-0.485353
-0.0665223
-0.221282
-0.0080632
-0.579791
-0.994105
-0.983099
-0.550433
-0.36298
-0.205416
-0.535855
-0.0908404
-0.358034
-0.499251
-0.496661
-1.40465
-1.66578
0.213542
-0.136214
-0.534925
0.323725
-0.34072
-0.580175
-0.0739679
-0.78241
-1.19463
-0.354926
0.65122
-0.237363
-0.616955
-0.047543
0.2258
-0.247495
-0.536828
2.21459
-0.355697
-0.321675
-0.35633
-0.147235
-0.927643
-0.298194
-0.158624
-0.384003
-0.241031
-0.800699
-0.345326
-0.652451
-0.325442
-0.23276
-0.906353
-0.420943
-0.640351
2.33002
-0.321009
-0.529639
-0.373196
-0.138151
-0.95921
-0.853664
-0.814743
-0.241733
-0.207775
-0.730427
-0.0906531
0.316813
0.755884
-0.932151
-1.42711
0.283185
-0.893613
-0.171252
-0.165755
0.0407283
-0.505362
-0.0187991
-0.841203
-0.450534
-0.73593
-0.266829
-0.138583
-0.908454
2.08225
-0.460284
-0.310118
2.17164
-0.215735
-1.43075
-0.759354
-0.906986
-0.372103
-0.235568
-0.973584
-0.84891
-0.660827
-0.143452
0.962851
-0.331041
-0.0741382
-0.319424
-0.334153
-0.288585
-0.490899
-1.41654
-0.0899757
0.293122
0.4855
-0.333443
0.344746
-0.0893546
-0.660449
-0.325717
-0.0097457
-0.225583
-0.939015
-0.441259
-1.28327
-0.500365
0.0751334
-0.220747
0.0507483
-1.73845
-0.0244327
-0.359287
-0.702892
-0.182245
-0.349547
-0.432551
-0.59973
-0.0310925
-0.578127
-0.630816
-1.45872
-0.924987
-0.223226
-0.926303
-0.0891221
-0.271336
-0.64537
-0.302387
-0.580018
-0.322663
-0.247796
-1.27673
0.0319961
-0.961494
1.98162
0.178977
-0.582796
-0.232743
-0.527383
-0.357646
-0.564336
-0.0606898
1.68979
-0.669202
-0.67452
-0.969481
-0.676309
0.310868
-0.398114
0.0330179
-1.20914
-1.43657
-1.06942
-0.582324
-0.238887
0.441729
-0.554878
-0.415864
-0.0115341
-0.375468
-0.325404
-0.511173
-0.349997
-0.206455
-0.475484
-0.183917
-0.233985
0.196588
-0.518228
-0.259387
-0.570196
-0.930045
-0.640873
-0.460788
-0.737917
-0.348069
1.15254
-0.344817
0.0746081
-0.474364
-0.797052
-0.568289
-0.550597
-0.0784457
-0.182948
-0.544254
-0.00472194
-0.231965
-1.43212
-0.267894
-0.0848331
-0.385293
-0.0929085
2.12725
-0.199304
1.08715
-0.785324
-1.27517
-0.858923
-0.615448
-0.348298
0.189382
-0.328993
-0.487719
-0.333005
-0.388961
-0.595066
-0.274086
0.599664
-0.0952534
-0.270424
1.37847
-0.899718
-0.585754
-0.0258802
-0.0554757
-0.193824
-0.130325
-0.960838
-0.267853
-0.0945157
-0.505501
-0.908548
-0.132235
-0.329665
-0.512345
-0.252526
1.20574
-0.527476
1.85672
-0.575503
-0.481113
-1.34531
-1.7447
-0.026971
-0.0779215
-0.956189
-0.788496
-1.73388
-0.423761
-0.0733423
-0.026708
-0.801133
-0.753804
-0.764539
0.257642
-0.326464
1.78841
-0.922172
-0.275843
0.949123
-0.565786
-0.0913516
0.0964273
-0.251284
0.306538
-0.090485
1.76852
-1.28154
-0.91586
-0.353902
-0.0385523
-0.607311
-0.911709
-1.28325
-0.0114361
2.35982
-0.397918
-0.468955
-0.159009
0.645007
-0.71124
-0.226535
0.4425
-1.42472
-0.131669
-0.143732
-0.0801891
-0.218459
0.0834526
-0.332356
-0.224311
-0.275073
-0.215091
-0.0394397
-0.573975
-0.217785
-0.556039
-0.0228894
-0.207396
-1.00854
-0.5954
-0.0891207
-0.66291
-0.368028
0.062397
-0.677299
-0.613089
-0.193743
0.230352
1.1548
-0.0905364
-0.646152
-0.0073371
-0.651036
-1.39747
-0.353534
0.13417
0.327963
-0.0557052
-1.43305
-1.00484
-0.0762418
-0.0552724
-0.502626
-0.211793
-0.516053
1.0685
-0.0919756
-0.228431
-0.0763458
-0.363882
0.361533
-1.7439
0.921259
0.535504
0.284884
-0.0885701
-0.020808
-0.543755
-1.22207
-1.16467
-0.899356
-0.499948
-0.182754
0.641947
-0.0539801
-0.559942
-0.734049
-1.31196
0.636289
-1.32499
-0.429995
-0.507986
-0.0712836
0.459908
-0.06949
-0.218215
-0.09418
-0.595091
-0.170774
-0.223614
-0.596433
-1.32284
-0.00780025
-0.304347
-0.0725353
-0.00760271
-1.36789
-0.238468
-0.457994
1.05177
-0.258488
-0.0346545
-0.209187
-0.148137
-0.322773
-0.149817
0.0535818
1.40316
-0.443655
-0.596333
-1.02541
-0.184542
-0.861399
-0.757079
-0.367235
-0.6323
-0.775177
-0.603409
-0.46499
0.669204
-1.28871
-1.1688
-0.438801
-0.608718
-0.618339
0.0927548
-0.0744407
-0.528558
0.375485
-1.02229
-0.255173
0.690324
-0.0586944
-0.429185
-0.324381
-0.152981
-0.361213
-0.610188
0.240935
-0.58796
-0.0404617
-0.133809
0.493863
-0.22705
-0.231244
-0.529041
-0.563705
-1.39079
-0.0591138
-0.548303
-0.33029
-0.906797
2.34686
0.873814
-0.213124
-0.510961
-0.094287
0.738911
-0.783855
-0.225999
-0.382986
-0.53387
-0.554226
-0.477382
-0.86353
-0.625881
-0.121987
-0.511282
-0.471734
-0.0346261
-0.796141
-1.00104
-0.180597
-0.122306
0.665022
-0.47104
-0.476621
-0.596327
-0.722571
-0.168123
-1.00337
-0.186675
-0.762899
-0.871168
-0.0268798
-0.451953
-0.296188
-0.543326
2.3668
-1.00605
-0.410527
-0.86775
-0.777935
-0.846211
0.13678
-0.170248
-0.507771
-0.480429
-0.027955
-0.057219
-0.00865454
-0.126854
-0.474538
-0.593139
-0.193922
-0.184964
-0.886861
-0.720882
-1.11866
-0.167323
-0.213041
-0.0954551
-0.42177
-1.2721
-0.556616
-0.584803
-0.0325392
-0.68218
-0.028862
-0.26961
-0.344521
-0.253029
-1.07873
-0.196974
-0.742986
-1.28449
-0.488801
-1.28755
-0.925847
-0.135748
-0.422887
-0.230731
-0.648077
-1.01471
2.81492
-0.33048
-0.221294
-0.0673987
-0.900754
-0.848323
-0.351938
-1.11398
-0.737877
-0.168665
-0.528875
-0.426333
-0.732158
-0.351726
-0.724111
-0.424201
-0.0232701
-0.846663
0.223605
0.394277
-0.245345
-0.83892
-0.0291831
-0.62217
-0.803367
-0.472696
-0.563928
-0.655144
-0.493853
-0.244845
0.183154
-0.843877
0.504787
-0.623718
-0.415832
-0.887252
-0.677047
-0.929291
-0.219222
-0.444338
-0.70401
-0.609019
-0.0801563
0.656256
-0.0291272
-0.399716
0.404877
0.367466
-0.714292
-0.527208
-1.04486
-1.28542
-0.808736
0.1162
-0.607734
-0.41286
-0.538877
-0.84619
-0.493367
-0.742161
-0.43657
-0.434104
-1.29423
-0.737708
-0.394558
-0.658221
-0.85469
-0.360669
-0.859759
-0.548665
-0.609299
-0.946936
-1.28994
1.42172
-0.732737
-0.0989282
-1.72242
-0.542134
0.336363
-0.538857
0.33681
-0.528199
0.519986
-0.245352
-0.926111
-0.471464
-0.642867
-0.748981
-0.925354
-0.367056
-1.06259
-0.596654
-0.0782356
-0.523556
-0.538324
-0.149135
-1.07511
-0.245721
-0.819607
-0.399578
-0.609941
1.71402
-0.711448
-0.502695
-1.03251
-1.2631
-0.266552
0.207637
-0.464318
-0.701024
-0.55454
-0.360356
-0.71309
-0.965656
-1.37957
-0.896684
-0.629693
-0.384475
-0.358443
-0.230099
-0.0654413
-0.205237
0.0726336
-0.0962205
-0.484827
-0.560118
-0.371195
-0.189962
-0.507475
-0.0226093
-0.338872
-0.343806
-0.560054
-0.591432
-0.73351
-0.351952
0.0662154
-0.124337
-0.32158
-1.34221
-0.971317
-0.392036
-0.921859
-0.531044
-1.47513
-1.27126
-0.414168
-0.237561
-0.066478
-1.33337
-1.71366
-1.05342
-0.999963
-1.48801
-0.720152
-0.691182
-0.208529
-1.27641
-0.0946227
-0.320424
-1.1283
-0.737772
3.51183
-0.407018
-0.0987975
-0.961998
-0.426206
-0.320928
-0.080022
-0.554481
-0.355971
-0.115593
-0.43036
-0.213243
-0.382879
1.00494
0.996072
-0.315328
-0.456278
-0.527551
-0.408528
-0.86685
0.796849
-1.09805
-0.0812382
-1.31474
-0.0944084
-0.0225579
-0.605252
-0.593161
-0.216868
-0.179902
-0.705538
-0.67651
-0.327935
-0.561592
-0.918328
-0.48074
-0.535774
-0.60339
-0.505566
-0.505057
-0.340653
-0.587853
0.931346
-0.796441
-0.266952
-1.49104
-0.955136
-0.565499
-1.11682
-0.441199
-0.557119
-0.624291
-0.605973
-0.955065
-0.575444
-0.540775
-0.500721
-0.253969
-0.941385
-0.0306587
-1.07217
-0.164781
-0.564491
-0.17865
-0.171544
-0.0942149
-0.141711
-1.35361
-0.0309036
0.400504
-0.387776
-0.142565
-0.372635
-0.0950812
-0.435513
0.30378
-1.15407
0.523695
-0.485191
-0.540219
-0.492222
-0.586263
-1.13687
-0.491389
-0.461097
-0.0380209
-0.523045
-0.331476
-0.839134
-0.146979
-0.897466
-0.599998
-0.113324
-0.508309
-0.560593
-0.554148
-0.531377
-0.500694
-0.487204
-0.42321
-0.963897
-0.0911043
-0.527208
-0.417769
-0.454434
0.60407
-0.0382331
-0.59137
-1.37614
-0.740007
-0.496557
-0.110371
-0.33145
-0.69457
-1.11565
-0.952836
-0.648393
-0.725216
-0.00217847
-0.141398
-0.513204
-0.0828659
-0.248065
-0.477389
-0.982997
-0.774918
-0.100906
-0.987611
-0.429448
-0.546655
-0.214064
-0.991652
-0.0083385
-0.53171
-0.58402
-0.953156
-0.0240212
-0.579098
0.732262
-1.03794
-0.691331
-0.513168
-0.528641
-0.741196
-0.691384
-0.311763
-1.13175
-0.548473
-0.533899
-0.533497
-0.910782
-0.591347
0.916404
-0.115313
-0.72178
-0.414086
-0.227316
-0.561715
-0.00670408
-1.34468
-0.0797628
-0.972887
-0.485918
-0.0601968
-0.487562
-0.665697
1.05092
-0.221481
-0.227557
-0.198751
-0.384819
-0.413554
-0.0396218
0.512161
-1.03868
-0.920299
-0.567502
-0.517243
-0.196401
0.449781
-0.373002
-0.00708061
-0.227389
-0.54348
0.442038
0.387977
-0.587855
-0.0459008
-0.260203
0.231655
-0.195378
-0.023178
-0.360446
-0.82233
-0.491474
-0.31234
-0.175003
-0.734453
-0.534923
-0.414558
-1.25382
-1.37461
-0.55201
-1.04615
-0.876518
-0.992154
-1.34779
-1.20925
-1.59847
-1.34877
-0.217833
-0.246688
0.493275
-1.2667
-1.35937
-0.496057
-0.301945
-0.373139
-0.107454
-1.08041
-0.656752
-0.108633
-0.407126
-0.0248805
-0.528402
-0.875221
-0.545098
-0.250555
-0.610197
1.04227
-0.114999
-1.30695
-0.585439
-0.475633
-0.539829
-0.565023
-0.667225
-0.582191
0.30501
-1.01723
-0.710646
-0.415734
0.698473
-0.464247
-0.303145
-0.336432
-0.121885
-1.35532
-0.716931
-0.974523
-0.239813
-0.607666
-0.428568
-0.606608
-0.322909
-0.536075
-0.245832
-0.515201
-0.367325
-0.548446
-0.561338
-0.448652
-0.626633
-1.07978
-0.929303
-0.882112
-0.729458
-0.293803
-0.684284
-0.582274
-0.541644
0.855497
-0.252104
-0.265141
-0.480535
-0.367272
-1.10604
-1.2976
-0.834376
-0.55018
-0.475517
-0.0242964
-0.292944
-0.376505
-0.509365
-0.617765
-0.524782
0.416546
-1.22273
-0.00668845
-0.887658
-0.616262
-0.403861
-0.913512
-0.520475
-0.939509
-0.248774
-0.489895
-1.25252
-0.529199
-0.676924
-0.525581
-1.12313
-0.552953
-0.72253
-0.154932
-0.370449
-0.964344
-0.469445
-0.971271
-0.240089
-0.121066
-0.248213
-0.0779293
-0.163968
-1.06002
-0.477356
-1.24744
-0.112316
-0.847317
-0.641278
-1.00227
-0.343713
-1.03834
-0.0330136
-0.508529
-1.10174
-0.377989
-0.119196
-0.0270792
-0.677551
-0.0383264
-0.0542802
-0.304524
-0.0268471
-1.35476
-0.792603
-0.399179
-0.578403
-1.67198
0.317567
-0.563537
-0.780387
-0.736877
-0.337976
-0.513826
-0.124126
-0.452789
0.0566015
0.456655
-0.249997
-0.980519
-0.852799
-0.469937
0.275875
-0.00901863
-0.10491
-0.0796949
-0.506132
-0.106573
-0.627214
-0.568067
-0.154203
0.294256
-0.0847178
-0.516979
-0.697741
-0.937511
-1.41733
-0.581754
-0.272754
-1.43115
-0.992319
-0.129728
-0.222444
-0.961327
-0.664954
-0.970026
-0.450456
-0.519758
-0.00914068
-1.28283
-0.389662
-0.477564
-0.983072
-1.17918
-0.120086
-0.00650596
-0.34567
-0.112701
-0.894997
0.142005
-0.274962
-0.643065
-0.721866
-0.944715
-0.462294
-0.187536
-0.19378
-0.234081
-0.955608
-0.466786
-1.31879
-0.349631
-0.691103
-0.923774
-0.657053
-0.704251
-0.885133
-1.29116
-0.397684
-0.903109
-0.0231937
-0.934908
-1.59308
-0.102355
-1.30737
-1.16294
-0.850431
-0.726816
-0.484521
-1.09446
-1.26833
-1.28658
-0.134133
-0.0379363
-0.0246914
-0.184256
-0.788054
-0.424073
-0.606603
-0.422493
-0.476574
-0.484305
-0.557689
-0.269437
-0.260447
-0.566767
-0.459298
-0.103088
-0.400494
-0.121872
-0.481197
-0.207555
1.29787
-0.49352
-0.451018
-0.109492
-1.37402
-0.357369
-0.60562
-0.407449
-0.932727
-0.533497
1.20328
-0.320174
-0.561119
-0.64992
-0.240087
-0.133564
-0.0265496
-0.34591
-0.297949
0.283808
-0.560684
-0.305225
-0.9581
-0.108521
-0.25113
0.216027
-0.0313868
-0.105272
-0.0945569
-0.0265247
-0.667823
-1.39823
-0.567335
-0.307839
-0.672533
-0.465998
-1.31009
-0.155568
-0.850818
-0.382706
-0.344482
-0.613707
-0.275126
-0.301084
-0.0788212
-0.135518
-0.422001
-0.0758598
-0.376227
-0.392098
-1.01501
-0.564887
-0.619901
-0.052514
-0.115623
0.408352
-0.552894
-0.540434
-0.693309
-0.793997
-0.0518623
-0.57278
-0.87752
-1.2097
-0.0265267
-0.556737
0.243828
-0.493902
-0.933889
-0.266254
1.20371
0.441925
-0.649766
-0.813756
0.0399952
-0.875728
-0.265675
-0.558056
-0.553713
-0.976606
-1.37065
-0.271093
-0.269922
-0.549338
0.694319
-1.02205
-0.663043
0.89724
-0.152001
0.00741991
-1.21778
-1.0704
-0.0261124
-1.00898
-0.493581
-0.502143
-0.33227
-0.425278
-0.880671
-0.549143
-0.366706
-1.16383
-0.799883
-0.0850567
-1.42318
-0.55989
-0.913585
-0.543413
-0.815749
-0.558886
-0.391765
-0.451668
-1.03469
0.786605
1.5542
-0.261454
-0.88142
-0.0872628
1.5542
-0.109765
-0.0326801
-0.672565
-0.131218
-0.928287
-0.828714
-0.739909
-0.654386
-0.989336
-0.108067
-0.380349
-0.0315366
-0.499244
-1.02934
0.788932
-0.101693
-0.23618
-0.575336
-0.554113
-0.273871
-0.00835899
-0.57235
-0.571369
-0.993821
-0.0402923
-0.0464067
-0.505953
0.0774399
-1.33884
-0.134915
-0.323832
-0.542989
-0.369379
-0.533006
-1.66887
-0.546699
-1.19808
-0.0261234
-0.74106
-0.23413
-1.10844
-0.196626
-0.918356
-1.69907
-0.00840817
0.09838
-0.229811
0.508351
-0.601424
-0.186264
-0.259773
-0.186876
-0.830041
-1.34641
-0.995298
-0.358595
-0.54163
-0.224845
-0.325353
-0.491533
-0.999161
-0.00677857
-0.841705
-0.110242
-0.529575
-0.256862
-0.907915
-0.562897
0.216731
-0.961147
-0.164427
-0.0529247
-0.187679
-1.43844
-0.319491
-0.337584
0.096045
-0.502785
-0.358315
-0.0101196
-1.2762
-0.589551
-0.654564
-0.878374
-0.922278
-0.225138
-1.42177
-1.21759
-0.638756
-0.558502
-1.04251
-1.21573
-0.207311
-0.4939
-0.0909092
-0.183432
-0.0355188
-0.54394
-0.920447
-0.508275
-0.230894
-0.503195
-0.237085
-0.13082
-0.195862
-0.417069
-0.487174
-0.910336
-0.932863
-1.68131
-0.265088
-0.303846
-1.00301
-1.43974
-0.266637
-0.455525
0.206594
0.18354
-0.57571
-1.32275
-0.260231
-0.692376
0.0930106
-0.111077
-0.522441
-0.494961
-0.58678
-0.00809506
0.540175
0.477248
0.459408
-0.495784
-0.635652
-1.03144
-0.487768
-0.101178
-0.565372
-0.677775
-0.24051
-1.09216
-1.08985
-1.00572
-0.10975
-0.852579
-1.02456
-0.899729
-0.989762
-0.984694
0.0169432
-1.15456
-0.0276433
-0.538702
-0.0535545
-0.488904
-0.425325
-0.69301
-0.34834
-0.851715
-0.35976
-0.3692
-0.103798
-0.0250907
-1.37054
-0.0271451
-0.822304
-0.320077
-0.769345
-1.48638
-0.307524
-0.372779
-1.00351
-0.259213
-0.492547
-0.0802979
-0.160934
-0.450298
-0.491615
0.582009
-1.07604
-1.26644
-0.494115
-0.550473
0.307528
-0.444374
-1.13293
-0.937924
-0.0328941
-0.00906729
-0.63529
-1.50152
-0.502857
-1.13217
-1.19493
-0.133063
-0.0096339
-0.50913
-0.502789
-0.904484
-0.490052
-0.44647
0.62869
-0.343296
-0.697843
-0.155231
0.738533
-0.132726
-0.655218
-0.664561
-0.514851
-0.835585
-0.538582
-0.509686
-1.38798
-0.169121
-0.662588
-1.33786
-0.279733
-0.501344
-0.0101633
-0.975807
-0.416187
-0.090984
-0.150404
-0.886678
-0.873956
-0.190924
0.975022
-0.206626
-1.06626
-0.49046
-0.365875
-0.880594
-0.664497
0.50214
-1.02954
-0.760542
-0.750575
-0.5968
-0.152997
-0.334337
-0.631059
0.147834
0.333588
-0.709247
-1.70778
-0.408699
-1.1458
-1.43121
-0.600677
-0.445745
0.315534
-0.589747
-0.584372
0.107722
-1.71672
-0.245717
-0.697302
0.273766
-0.952169
-1.34299
-0.00753454
-0.0230459
-0.203715
-0.378412
-0.701465
-0.923043
-0.75547
-1.67909
-0.440972
-0.597739
-0.553654
-0.801099
0.463512
-0.417738
-1.38182
-0.430574
-0.956254
-0.440871
-0.559498
-0.496501
-0.00969277
-0.488937
-0.263816
-0.938584
-0.0331482
-1.34521
-0.443641
-0.496442
-1.03208
-0.568489
-0.0912604
-0.436584
-1.12497
-0.626693
-0.240047
-0.147603
-0.20511
-1.46694
-0.460508
-0.521009
-0.582015
-0.936794
-0.549362
-0.180042
-1.01552
-1.32405
-1.06426
-1.72836
-0.240078
-0.784683
-0.8787
0.23284
-0.844795
-0.53785
-0.269624
-0.692057
-0.104608
-0.323275
-0.131182
-1.01398
-1.35961
-0.306899
-0.345752
-1.01871
-0.145939
-0.599249
-1.68278
-0.96919
-1.02369
-0.30449
-0.432725
-0.962394
-0.340745
-0.261769
-0.0406029
-0.525915
-0.253144
-0.302162
-0.9292
-0.437168
-0.130417
0.778056
-0.0984976
-0.0371844
-0.969158
-0.880552
-0.845272
-0.542724
-0.978144
-0.265946
-0.385854
0.867354
0.398563
-0.948013
-0.342313
-0.25806
-0.61039
-0.305542
-0.166618
-0.438073
-0.654205
-0.309196
-0.812783
-0.430834
-0.264696
-0.853572
-1.5314
-1.21605
-1.21477
-0.137528
-0.642229
-1.0307
-1.66888
-0.551003
-1.32339
-0.0892876
-0.01011
-0.948742
-0.0236162
-0.361177
-0.763578
-0.769024
-0.394083
-0.945184
-0.58507
-0.844868
0.274233
0.426043
-0.195165
-0.887464
-0.28177
-0.276469
-0.348007
-0.672338
-0.566164
-0.0430582
-0.500603
-0.510497
-0.0411534
-0.745403
-1.42046
-0.556743
1.2308
-0.500848
-0.334938
-0.159469
-0.752536
-0.825151
-0.879559
-0.1067
1.26943
-1.1815
-0.693874
-0.360685
-1.19631
-0.524104
-0.431121
-0.667154
-0.564996
-0.417976
-0.724732
-0.960196
-0.224722
-0.677333
-1.21851
-0.824373
-0.605976
-0.203655
-0.102128
-0.573977
-0.312361
-1.03809
-0.0464397
-0.499402
-0.305878
-0.612517
-0.475221
-0.479432
-0.980993
-1.40909
-0.42554
0.443829
-0.563901
-0.308536
-1.24023
-0.967048
-0.308664
-0.0426101
-0.981466
-0.104674
-0.310016
-0.170861
-0.555277
-0.389782
-0.515947
-0.503538
-1.53107
-0.0315659
-0.179608
-0.0467232
-1.05708
0.729903
-0.0256449
-0.483474
-1.00472
-1.25982
-1.02035
-0.114522
1.80974
-0.547209
-0.315778
-0.917301
0.474002
-0.226084
-0.0449605
-0.846566
-0.0243668
-1.43277
-0.779968
-1.05632
-0.272542
-1.17323
-0.352285
-1.09757
-0.211068
-0.159461
-0.587238
-0.985016
-0.405937
-0.581492
0.0521628
-1.37208
-0.00694861
-0.537167
-0.0256808
-0.974009
-1.46938
-1.02069
-0.283347
-0.217353
-0.610924
-0.965237
-0.279799
-0.537391
-0.843285
-0.0895633
-1.4033
-0.992553
-0.677899
-0.583122
-0.563379
-0.93031
-1.08459
-1.15647
-1.46194
-1.28874
-0.319813
-0.313501
-0.980601
-0.560235
-0.0242806
-0.812495
-0.0960359
-0.0076123
-0.276473
-1.71616
-0.829749
-0.940185
-0.0990044
-1.08898
-0.938798
-0.22467
-0.295331
1.7284
-0.166872
-0.502762
-0.73286
-1.37982
-0.26502
-0.502337
-0.570127
-0.0988594
-0.159894
-0.0453433
-0.443912
-0.302429
-1.01265
-1.53707
-0.770424
-0.499202
-0.857272
-0.311859
-0.624191
-0.944377
-0.00825372
-1.03196
-0.54286
-1.01827
-0.996063
-0.573766
-0.193527
-0.0388447
-0.0943717
-0.887668
-1.02572
-0.09565
-0.905056
-0.096187
-0.416893
-0.00754333
-0.280158
-0.535087
-1.21632
-0.327231
-1.03517
-0.858121
-1.05277
-0.762644
-1.0605
-0.749677
-1.08798
-0.00770929
-0.897752
-0.464987
-0.845914
-0.566891
-0.563728
-0.195879
-1.11842
-0.107214
-0.483123
-0.861208
-0.843193
-0.321073
-0.718236
-0.164734
-0.575284
-0.514356
-0.755121
-0.756963
-0.302794
-0.563338
-1.32106
-0.512368
-0.0720085
-0.473105
-0.532584
-0.70641
-0.542519
-0.564387
-0.410993
-0.885991
-0.110893
-1.35899
-1.2653
-0.238259
0.435364
-0.58434
-0.579595
-0.968267
-0.14278
-0.872961
1.52692
-0.41415
-0.540605
-1.19317
-0.287818
-0.0961574
-0.248952
-0.290374
-0.2331
-0.556665
-0.700308
-0.112042
-0.578738
-0.277578
-1.36215
-0.555882
-0.0343978
0.454081
-1.00066
-0.979332
-0.523007
-0.599062
-0.267966
-0.705298
-0.0264425
-0.890375
0.447463
-0.500401
0.148992
-0.570092
-0.342658
-0.0370028
-0.336955
-0.498114
-0.59751
-0.326791
-0.116751
-0.512846
-0.597409
-0.448383
-0.0566765
-0.564615
-0.63659
-0.569579
-0.673703
-0.507688
0.189344
-0.756476
-0.048815
-1.47867
-0.450106
-1.01599
-0.277056
-0.981046
-0.600459
-0.43989
-0.0501573
-0.659059
-0.451458
-0.627248
-0.050932
-0.282494
-0.588179
-0.682531
-0.448449
-0.775743
-1.70837
-0.541711
-0.687743
-0.0754601
-0.332032
2.31557
1.50584
-0.50276
-0.268799
-0.506463
-0.0558763
-0.533212
-0.501474
-1.70704
-0.335209
-0.0985679
-0.106457
-0.535235
-1.01911
-0.328502
-0.281362
-0.884512
